000: 20080 40220 00000 00000 00000 00000 00000 00000 
008: 20080 40220 00180 08021 00000 00000 00000 00000 
010: 20080 40220 00180 02021 00000 00000 00000 00000 
018: 20080 40220 00180 00821 00000 00000 00000 00000 
020: 20080 40220 08101 00000 00000 00000 00000 00000 
028: 20080 40220 02101 00000 00000 00000 00000 00000 
030: 20080 40220 00901 00000 00000 00000 00000 00000 
038: 20080 40220 00180 02020 00819 00000 00000 00000 
040: 20080 40220 00180 02020 0081d 00000 00000 00000 
048: 20080 40220 00000 00000 00000 00000 00000 00000 
050: 20080 40220 08101 0801b 00000 00000 00000 00000 
058: 20080 40220 00180 0201b 00000 00000 00000 00000 
060: 20080 40220 00180 0081b 00000 00000 00000 00000 
068: 20080 40220 00000 00000 00000 00000 00000 00000 
070: 20080 40220 00000 00000 00000 00000 00000 00000 
078: 20080 40220 00000 00000 00000 00000 00000 00000 
080: 20080 40220 00000 00000 00000 00000 00000 00000 
088: 20080 40220 00000 00000 00000 00000 00000 00000 
090: 20080 40220 00000 00000 00000 00000 00000 00000 
098: 20080 40220 00000 00000 00000 00000 00000 00000 
0a0: 20080 40220 00000 00000 00000 00000 00000 00000 
0a8: 20080 40220 00000 00000 00000 00000 00000 00000 
0b0: 20080 40220 00000 00000 00000 00000 00000 00000 
0b8: 20080 40220 00000 00000 00000 00000 00000 00000 
0c0: 20080 40220 00000 00000 00000 00000 00000 00000 
0c8: 20080 40220 00000 00000 00000 00000 00000 00000 
0d0: 20080 40220 00000 00000 00000 00000 00000 00000 
0d8: 20080 40220 00000 00000 00000 00000 00000 00000 
0e0: 20080 40220 00000 00000 00000 00000 00000 00000 
0e8: 20080 40220 00000 00000 00000 00000 00000 00000 
0f0: 20080 40220 00000 00000 00000 00000 00000 00000 
0f8: 20080 40220 80001 00000 00000 00000 00000 00000 
100: 20080 40220 00000 00000 00000 00000 00000 00000 
108: 20080 40220 00180 08021 00000 00000 00000 00000 
110: 20080 40220 00180 02021 00000 00000 00000 00000 
118: 20080 40220 00180 00821 00000 00000 00000 00000 
120: 20080 40220 08101 00000 00000 00000 00000 00000 
128: 20080 40220 02101 00000 00000 00000 00000 00000 
130: 20080 40220 00901 00000 00000 00000 00000 00000 
138: 20080 40220 00180 02020 00819 00000 00000 00000 
140: 20080 40220 00180 02020 0081d 00000 00000 00000 
148: 20080 40220 00000 00000 00000 00000 00000 00000 
150: 20080 40220 08101 0801b 00000 00000 00000 00000 
158: 20080 40220 00180 0201b 00000 00000 00000 00000 
160: 20080 40220 00180 0081b 00000 00000 00000 00000 
168: 20080 40220 00000 00000 00000 00000 00000 00000 
170: 20080 40220 00000 00000 00000 00000 00000 00000 
178: 20080 40220 00000 00000 00000 00000 00000 00000 
180: 20080 40220 00000 00000 00000 00000 00000 00000 
188: 20080 40220 00000 00000 00000 00000 00000 00000 
190: 20080 40220 00000 00000 00000 00000 00000 00000 
198: 20080 40220 00000 00000 00000 00000 00000 00000 
1a0: 20080 40220 00000 00000 00000 00000 00000 00000 
1a8: 20080 40220 00000 00000 00000 00000 00000 00000 
1b0: 20080 40220 00000 00000 00000 00000 00000 00000 
1b8: 20080 40220 00000 00000 00000 00000 00000 00000 
1c0: 20080 40220 00000 00000 00000 00000 00000 00000 
1c8: 20080 40220 00000 00000 00000 00000 00000 00000 
1d0: 20080 40220 00000 00000 00000 00000 00000 00000 
1d8: 20080 40220 00000 00000 00000 00000 00000 00000 
1e0: 20080 40220 00000 00000 00000 00000 00000 00000 
1e8: 20080 40220 00000 00000 00000 00000 00000 00000 
1f0: 20080 40220 00000 00000 00000 00000 00000 00000 
1f8: 20080 40220 80001 00000 00000 00000 00000 00000 
200: 20080 40220 00000 00000 00000 00000 00000 00000 
208: 20080 40220 00180 08021 00000 00000 00000 00000 
210: 20080 40220 00180 02021 00000 00000 00000 00000 
218: 20080 40220 00180 00821 00000 00000 00000 00000 
220: 20080 40220 08101 00000 00000 00000 00000 00000 
228: 20080 40220 02101 00000 00000 00000 00000 00000 
230: 20080 40220 00901 00000 00000 00000 00000 00000 
238: 20080 40220 00180 02020 00819 00000 00000 00000 
240: 20080 40220 00180 02020 0081d 00000 00000 00000 
248: 20080 40220 00000 00000 00000 00000 00000 00000 
250: 20080 40220 08101 0801b 00000 00000 00000 00000 
258: 20080 40220 00180 0201b 00000 00000 00000 00000 
260: 20080 40220 00180 0081b 00000 00000 00000 00000 
268: 20080 40220 00000 00000 00000 00000 00000 00000 
270: 20080 40220 00000 00000 00000 00000 00000 00000 
278: 20080 40220 00000 00000 00000 00000 00000 00000 
280: 20080 40220 00000 00000 00000 00000 00000 00000 
288: 20080 40220 00000 00000 00000 00000 00000 00000 
290: 20080 40220 00000 00000 00000 00000 00000 00000 
298: 20080 40220 00000 00000 00000 00000 00000 00000 
2a0: 20080 40220 00000 00000 00000 00000 00000 00000 
2a8: 20080 40220 00000 00000 00000 00000 00000 00000 
2b0: 20080 40220 00000 00000 00000 00000 00000 00000 
2b8: 20080 40220 00000 00000 00000 00000 00000 00000 
2c0: 20080 40220 00000 00000 00000 00000 00000 00000 
2c8: 20080 40220 00000 00000 00000 00000 00000 00000 
2d0: 20080 40220 00000 00000 00000 00000 00000 00000 
2d8: 20080 40220 00000 00000 00000 00000 00000 00000 
2e0: 20080 40220 00000 00000 00000 00000 00000 00000 
2e8: 20080 40220 00000 00000 00000 00000 00000 00000 
2f0: 20080 40220 00000 00000 00000 00000 00000 00000 
2f8: 20080 40220 80001 00000 00000 00000 00000 00000 
300: 20080 40220 00000 00000 00000 00000 00000 00000 
308: 20080 40220 00180 08021 00000 00000 00000 00000 
310: 20080 40220 00180 02021 00000 00000 00000 00000 
318: 20080 40220 00180 00821 00000 00000 00000 00000 
320: 20080 40220 08101 00000 00000 00000 00000 00000 
328: 20080 40220 02101 00000 00000 00000 00000 00000 
330: 20080 40220 00901 00000 00000 00000 00000 00000 
338: 20080 40220 00180 02020 00819 00000 00000 00000 
340: 20080 40220 00180 02020 0081d 00000 00000 00000 
348: 20080 40220 00000 00000 00000 00000 00000 00000 
350: 20080 40220 08101 0801b 00000 00000 00000 00000 
358: 20080 40220 00180 0201b 00000 00000 00000 00000 
360: 20080 40220 00180 0081b 00000 00000 00000 00000 
368: 20080 40220 00000 00000 00000 00000 00000 00000 
370: 20080 40220 00000 00000 00000 00000 00000 00000 
378: 20080 40220 00000 00000 00000 00000 00000 00000 
380: 20080 40220 00000 00000 00000 00000 00000 00000 
388: 20080 40220 00000 00000 00000 00000 00000 00000 
390: 20080 40220 00000 00000 00000 00000 00000 00000 
398: 20080 40220 00000 00000 00000 00000 00000 00000 
3a0: 20080 40220 00000 00000 00000 00000 00000 00000 
3a8: 20080 40220 00000 00000 00000 00000 00000 00000 
3b0: 20080 40220 00000 00000 00000 00000 00000 00000 
3b8: 20080 40220 00000 00000 00000 00000 00000 00000 
3c0: 20080 40220 00000 00000 00000 00000 00000 00000 
3c8: 20080 40220 00000 00000 00000 00000 00000 00000 
3d0: 20080 40220 00000 00000 00000 00000 00000 00000 
3d8: 20080 40220 00000 00000 00000 00000 00000 00000 
3e0: 20080 40220 00000 00000 00000 00000 00000 00000 
3e8: 20080 40220 00000 00000 00000 00000 00000 00000 
3f0: 20080 40220 00000 00000 00000 00000 00000 00000 
3f8: 20080 40220 80001 00000 00000 00000 00000 00000 
400: 20080 40220 00000 00000 00000 00000 00000 00000 
408: 20080 40220 00180 08021 00000 00000 00000 00000 
410: 20080 40220 00180 02021 00000 00000 00000 00000 
418: 20080 40220 00180 00821 00000 00000 00000 00000 
420: 20080 40220 08101 00000 00000 00000 00000 00000 
428: 20080 40220 02101 00000 00000 00000 00000 00000 
430: 20080 40220 00901 00000 00000 00000 00000 00000 
438: 20080 40220 00180 02020 00819 00000 00000 00000 
440: 20080 40220 00180 02020 0081d 00000 00000 00000 
448: 20080 40220 00000 00000 00000 00000 00000 00000 
450: 20080 40220 08101 0801b 00000 00000 00000 00000 
458: 20080 40220 00180 0201b 00000 00000 00000 00000 
460: 20080 40220 00180 0081b 00000 00000 00000 00000 
468: 20080 40220 00000 00000 00000 00000 00000 00000 
470: 20080 40220 00000 00000 00000 00000 00000 00000 
478: 20080 40220 00000 00000 00000 00000 00000 00000 
480: 20080 40220 00000 00000 00000 00000 00000 00000 
488: 20080 40220 00000 00000 00000 00000 00000 00000 
490: 20080 40220 00000 00000 00000 00000 00000 00000 
498: 20080 40220 00000 00000 00000 00000 00000 00000 
4a0: 20080 40220 00000 00000 00000 00000 00000 00000 
4a8: 20080 40220 00000 00000 00000 00000 00000 00000 
4b0: 20080 40220 00000 00000 00000 00000 00000 00000 
4b8: 20080 40220 00000 00000 00000 00000 00000 00000 
4c0: 20080 40220 00000 00000 00000 00000 00000 00000 
4c8: 20080 40220 00000 00000 00000 00000 00000 00000 
4d0: 20080 40220 00000 00000 00000 00000 00000 00000 
4d8: 20080 40220 00000 00000 00000 00000 00000 00000 
4e0: 20080 40220 00000 00000 00000 00000 00000 00000 
4e8: 20080 40220 00000 00000 00000 00000 00000 00000 
4f0: 20080 40220 00000 00000 00000 00000 00000 00000 
4f8: 20080 40220 80001 00000 00000 00000 00000 00000 
500: 20080 40220 00000 00000 00000 00000 00000 00000 
508: 20080 40220 00180 08021 00000 00000 00000 00000 
510: 20080 40220 00180 02021 00000 00000 00000 00000 
518: 20080 40220 00180 00821 00000 00000 00000 00000 
520: 20080 40220 08101 00000 00000 00000 00000 00000 
528: 20080 40220 02101 00000 00000 00000 00000 00000 
530: 20080 40220 00901 00000 00000 00000 00000 00000 
538: 20080 40220 00180 02020 00819 00000 00000 00000 
540: 20080 40220 00180 02020 0081d 00000 00000 00000 
548: 20080 40220 00000 00000 00000 00000 00000 00000 
550: 20080 40220 08101 0801b 00000 00000 00000 00000 
558: 20080 40220 00180 0201b 00000 00000 00000 00000 
560: 20080 40220 00180 0081b 00000 00000 00000 00000 
568: 20080 40220 00000 00000 00000 00000 00000 00000 
570: 20080 40220 00000 00000 00000 00000 00000 00000 
578: 20080 40220 00000 00000 00000 00000 00000 00000 
580: 20080 40220 00000 00000 00000 00000 00000 00000 
588: 20080 40220 00000 00000 00000 00000 00000 00000 
590: 20080 40220 00000 00000 00000 00000 00000 00000 
598: 20080 40220 00000 00000 00000 00000 00000 00000 
5a0: 20080 40220 00000 00000 00000 00000 00000 00000 
5a8: 20080 40220 00000 00000 00000 00000 00000 00000 
5b0: 20080 40220 00000 00000 00000 00000 00000 00000 
5b8: 20080 40220 00000 00000 00000 00000 00000 00000 
5c0: 20080 40220 00000 00000 00000 00000 00000 00000 
5c8: 20080 40220 00000 00000 00000 00000 00000 00000 
5d0: 20080 40220 00000 00000 00000 00000 00000 00000 
5d8: 20080 40220 00000 00000 00000 00000 00000 00000 
5e0: 20080 40220 00000 00000 00000 00000 00000 00000 
5e8: 20080 40220 00000 00000 00000 00000 00000 00000 
5f0: 20080 40220 00000 00000 00000 00000 00000 00000 
5f8: 20080 40220 80001 00000 00000 00000 00000 00000 
600: 20080 40220 00000 00000 00000 00000 00000 00000 
608: 20080 40220 00180 08021 00000 00000 00000 00000 
610: 20080 40220 00180 02021 00000 00000 00000 00000 
618: 20080 40220 00180 00821 00000 00000 00000 00000 
620: 20080 40220 08101 00000 00000 00000 00000 00000 
628: 20080 40220 02101 00000 00000 00000 00000 00000 
630: 20080 40220 00901 00000 00000 00000 00000 00000 
638: 20080 40220 00180 02020 00819 00000 00000 00000 
640: 20080 40220 00180 02020 0081d 00000 00000 00000 
648: 20080 40220 00000 00000 00000 00000 00000 00000 
650: 20080 40220 08101 0801b 00000 00000 00000 00000 
658: 20080 40220 00180 0201b 00000 00000 00000 00000 
660: 20080 40220 00180 0081b 00000 00000 00000 00000 
668: 20080 40220 00000 00000 00000 00000 00000 00000 
670: 20080 40220 00000 00000 00000 00000 00000 00000 
678: 20080 40220 00000 00000 00000 00000 00000 00000 
680: 20080 40220 00000 00000 00000 00000 00000 00000 
688: 20080 40220 00000 00000 00000 00000 00000 00000 
690: 20080 40220 00000 00000 00000 00000 00000 00000 
698: 20080 40220 00000 00000 00000 00000 00000 00000 
6a0: 20080 40220 00000 00000 00000 00000 00000 00000 
6a8: 20080 40220 00000 00000 00000 00000 00000 00000 
6b0: 20080 40220 00000 00000 00000 00000 00000 00000 
6b8: 20080 40220 00000 00000 00000 00000 00000 00000 
6c0: 20080 40220 00000 00000 00000 00000 00000 00000 
6c8: 20080 40220 00000 00000 00000 00000 00000 00000 
6d0: 20080 40220 00000 00000 00000 00000 00000 00000 
6d8: 20080 40220 00000 00000 00000 00000 00000 00000 
6e0: 20080 40220 00000 00000 00000 00000 00000 00000 
6e8: 20080 40220 00000 00000 00000 00000 00000 00000 
6f0: 20080 40220 00000 00000 00000 00000 00000 00000 
6f8: 20080 40220 80001 00000 00000 00000 00000 00000 
700: 20080 40220 00000 00000 00000 00000 00000 00000 
708: 20080 40220 00180 08021 00000 00000 00000 00000 
710: 20080 40220 00180 02021 00000 00000 00000 00000 
718: 20080 40220 00180 00821 00000 00000 00000 00000 
720: 20080 40220 08101 00000 00000 00000 00000 00000 
728: 20080 40220 02101 00000 00000 00000 00000 00000 
730: 20080 40220 00901 00000 00000 00000 00000 00000 
738: 20080 40220 00180 02020 00819 00000 00000 00000 
740: 20080 40220 00180 02020 0081d 00000 00000 00000 
748: 20080 40220 00000 00000 00000 00000 00000 00000 
750: 20080 40220 08101 0801b 00000 00000 00000 00000 
758: 20080 40220 00180 0201b 00000 00000 00000 00000 
760: 20080 40220 00180 0081b 00000 00000 00000 00000 
768: 20080 40220 00000 00000 00000 00000 00000 00000 
770: 20080 40220 00000 00000 00000 00000 00000 00000 
778: 20080 40220 00000 00000 00000 00000 00000 00000 
780: 20080 40220 00000 00000 00000 00000 00000 00000 
788: 20080 40220 00000 00000 00000 00000 00000 00000 
790: 20080 40220 00000 00000 00000 00000 00000 00000 
798: 20080 40220 00000 00000 00000 00000 00000 00000 
7a0: 20080 40220 00000 00000 00000 00000 00000 00000 
7a8: 20080 40220 00000 00000 00000 00000 00000 00000 
7b0: 20080 40220 00000 00000 00000 00000 00000 00000 
7b8: 20080 40220 00000 00000 00000 00000 00000 00000 
7c0: 20080 40220 00000 00000 00000 00000 00000 00000 
7c8: 20080 40220 00000 00000 00000 00000 00000 00000 
7d0: 20080 40220 00000 00000 00000 00000 00000 00000 
7d8: 20080 40220 00000 00000 00000 00000 00000 00000 
7e0: 20080 40220 00000 00000 00000 00000 00000 00000 
7e8: 20080 40220 00000 00000 00000 00000 00000 00000 
7f0: 20080 40220 00000 00000 00000 00000 00000 00000 
7f8: 20080 40220 80001 00000 00000 00000 00000 00000 
800: 00000 